,G55413,G55414,G55415,G55416,G55417,G55418,G55419,G55421,G55422,G55423,G55424,G55425,G55426,G55427,G55428,G55429,G55430,G55431,G55432,G55433,G55435,G55436,G55438,G55439,G55440,G55441,G55442,G55443,G55444,G55445,G55446,G55447,G55448,G55449,G55450,G55451,G55452,G55453,G55454,G55455,G55457,G55458,G55459,G55460,G55461,G55462,G55463,G55464,G55465,G55466,G55467,G55468,G55469,G55470,G55471,G55472,G55473,G55474,G55475,G55476,G55477,G55478,G55479,G55480,G55481,G55482,G55484,G55485,G55486,G55487,G55488,G55489,G55490,G55491,G55492,G55494,G55495,G55496,G55497,G55498,G55500,G55501,G55502,G55504,G55505,G55506,G55507,G55508,G55509,G55510,G55511,G55512,G55513,G55514,G55515,G55516,G55517,G55518,G55519,G55521,G55522,G55523,G55524,G55525,G55526,G55527,G55528,G55529,G55530,G55531,G55533,G55534,G55535,G55536,G55537,G55538,G55539,G55540,G55541,G55542,G55543,G55544,G55545,G55546,G55547,G55548,G55549,G55550,G55551,G55552,G55553,G55554,G55555,G55556,G55557,G55558,G55559,G55560,G55561,G55563,G55565,G55566,reference,	
G55413,0,439,693,504,1780,473,1866,413,694,676,676,678,1796,430,294,1811,678,1817,1790,691,1779,448,429,735,601,466,520,1738,615,404,1857,413,1838,329,410,483,1752,681,603,1766,489,1723,466,546,1781,707,323,702,316,675,413,479,1832,447,498,408,371,1841,429,456,369,763,1936,1832,1994,326,736,2023,453,1845,732,435,709,551,462,544,432,458,1885,1788,698,614,1800,1814,649,1854,1863,393,324,732,447,1990,1840,437,1780,390,1833,431,677,675,1956,655,1814,1816,685,1822,1958,340,384,550,1853,1819,466,510,1819,493,359,1812,1865,333,1826,438,1724,1795,520,501,1832,660,1802,1820,1787,481,457,463,1855,1812,463,723,694,1792,453,641,1695
G55414,439,0,442,219,1765,190,1857,306,509,403,427,441,1779,159,393,1794,415,1790,1839,594,1820,587,288,476,392,185,309,1825,670,345,1808,392,1813,504,223,304,1825,412,624,1739,270,1812,205,339,1844,446,458,547,453,422,144,326,1805,194,275,503,478,1790,150,143,420,596,1929,1807,1931,323,539,1964,200,1876,543,238,482,330,231,291,147,347,1882,1833,587,583,1763,1789,432,1819,1822,318,505,513,172,1935,1893,390,1823,357,1858,150,460,466,1901,574,1781,1845,604,1793,1891,429,315,347,1834,1792,201,269,1802,214,350,1779,1868,352,1797,345,1743,1778,331,238,1807,463,1779,1803,1744,190,204,230,1814,1787,242,490,465,1743,232,764,1744
G55415,693,442,0,413,1763,422,1867,594,375,149,361,239,1773,455,681,1792,211,1798,1833,524,1814,591,554,166,608,455,593,1827,588,619,1808,698,1799,760,503,612,1827,368,448,1735,462,1816,459,599,1844,194,716,501,727,158,440,590,1789,442,527,739,756,1788,442,469,684,512,1923,1805,1921,617,343,1964,432,1874,505,456,348,538,447,613,463,587,1886,1839,539,583,1775,1785,358,1821,1816,550,767,377,464,1925,1891,616,1829,609,1858,454,414,194,1895,376,1785,1843,550,1783,1889,707,601,579,1838,1792,441,579,1798,454,634,1787,1860,616,1795,567,1749,1780,613,420,1809,619,1775,1803,1756,446,426,438,1802,1789,482,346,407,1751,470,712,1742
G55416,504,219,413,0,1800,223,1900,387,470,452,480,476,1816,230,464,1825,456,1825,1872,613,1851,624,347,455,341,218,374,1862,677,400,1847,447,1830,587,278,381,1862,435,669,1778,245,1849,234,386,1885,423,527,596,534,437,209,385,1824,215,304,558,577,1815,235,242,487,609,1956,1826,1960,406,580,2005,207,1917,516,241,441,321,218,390,240,388,1915,1870,626,594,1808,1818,461,1838,1863,339,582,462,249,1970,1924,417,1862,386,1899,223,427,429,1936,597,1810,1880,633,1812,1936,520,384,370,1865,1825,222,368,1833,239,439,1810,1901,427,1830,364,1784,1817,386,197,1840,502,1812,1838,1787,203,197,227,1851,1820,271,441,500,1794,235,799,1785
G55417,1780,1765,1763,1800,0,1769,694,1829,1804,1738,1732,1754,604,1756,1782,1035,1726,1049,766,1853,1075,1584,1841,1783,1935,1746,1898,1044,1719,1838,1207,1783,634,1649,1794,1869,1044,1755,1753,576,1801,1041,1762,1876,677,1763,1689,1850,1724,1751,1747,1881,1044,1799,1816,1634,1661,1185,1771,1786,1687,1853,1356,1056,1346,1786,1830,1365,1825,1231,1852,1795,1789,1877,1804,1890,1770,1792,1123,1074,1818,1768,1024,1042,1753,1082,1223,1809,1770,1812,1799,1338,720,1777,1060,1766,1225,1775,1781,1777,1298,1805,1032,1082,1819,1046,1300,1794,1818,1918,1087,1047,1816,1882,1041,1813,1769,1042,1125,1765,1038,1842,632,697,1912,1813,1058,1456,1022,1036,1137,1795,1795,1791,1197,1040,1789,1793,1764,1132,1773,1609,639
G55418,473,190,422,223,1769,0,1873,332,493,437,459,473,1773,221,427,1806,451,1808,1837,596,1832,591,344,430,370,261,341,1835,680,387,1818,428,1813,512,277,320,1839,464,632,1745,278,1816,261,379,1850,430,484,585,483,452,188,360,1811,196,325,541,520,1796,200,199,444,582,1941,1817,1939,361,565,1980,214,1880,501,236,442,328,219,329,211,377,1888,1837,611,589,1783,1793,480,1837,1836,298,529,475,224,1945,1899,412,1837,385,1864,204,438,440,1907,586,1791,1849,600,1799,1901,465,351,291,1848,1802,209,321,1810,218,374,1801,1880,382,1801,331,1755,1780,377,234,1819,495,1787,1809,1754,198,212,226,1820,1795,288,456,493,1773,260,770,1752
G55419,1866,1857,1867,1900,694,1873,0,1909,1904,1842,1830,1850,590,1860,1846,1155,1832,1153,846,1929,1147,1670,1937,1875,2011,1852,1988,1128,1809,1912,1297,1853,552,1723,1890,1947,1128,1849,1833,544,1903,1121,1866,1958,335,1865,1767,1912,1800,1859,1851,1945,1156,1891,1918,1710,1743,1275,1873,1882,1761,1939,1430,1164,1422,1870,1914,1469,1925,1315,1950,1907,1891,1971,1912,1972,1870,1886,1215,1148,1908,1864,1128,1152,1855,1190,1317,1893,1846,1926,1905,1438,676,1847,1142,1860,1309,1881,1889,1893,1392,1897,1146,1174,1909,1158,1392,1870,1898,2010,1161,1155,1918,1976,1165,1921,1851,1150,1225,1841,1142,1926,748,819,2004,1917,1166,1562,1138,1156,1241,1899,1901,1901,1305,1150,1899,1901,1876,1238,1887,1695,749
G55421,413,306,594,387,1829,332,1909,0,613,563,587,573,1839,315,401,1874,567,1880,1841,624,1854,583,370,620,472,347,393,1843,666,379,1884,386,1873,474,345,378,1855,570,650,1807,382,1824,355,435,1876,616,418,629,425,572,298,400,1901,350,421,483,458,1874,272,313,410,658,1983,1891,2035,351,657,2056,348,1914,637,346,600,466,359,383,295,413,1934,1863,677,613,1863,1875,568,1911,1912,368,489,627,300,2029,1933,426,1857,411,1898,284,594,580,1987,624,1877,1883,652,1879,1985,443,341,417,1916,1882,337,381,1886,348,372,1879,1928,370,1883,387,1813,1846,403,372,1897,599,1861,1881,1826,336,348,342,1890,1879,340,614,587,1847,314,754,1794
G55422,694,509,375,470,1804,493,1904,613,0,406,394,410,1818,492,686,1833,418,1841,1866,519,1865,588,559,407,609,492,604,1862,603,654,1853,709,1850,783,536,629,1868,413,589,1784,483,1851,496,626,1887,391,723,490,736,395,473,609,1852,449,568,772,779,1837,507,516,711,529,1960,1856,1978,626,522,1995,449,1899,532,463,339,577,462,622,482,610,1919,1872,564,604,1822,1832,365,1852,1861,559,778,400,469,1958,1934,653,1858,630,1889,483,455,343,1928,515,1822,1878,571,1840,1928,722,614,586,1865,1839,474,578,1827,485,657,1818,1901,629,1836,582,1798,1823,612,453,1842,674,1822,1838,1793,487,459,465,1841,1836,473,351,406,1796,483,709,1787
G55423,676,403,149,452,1738,437,1842,563,406,0,324,182,1754,394,630,1773,174,1777,1814,489,1811,546,519,169,607,396,582,1806,565,586,1787,657,1786,713,468,557,1812,325,399,1716,475,1801,414,546,1827,199,669,466,702,115,391,563,1776,443,486,688,705,1775,421,416,647,491,1910,1790,1912,578,290,1943,447,1845,520,471,363,529,466,552,418,536,1867,1816,488,544,1754,1768,335,1804,1797,539,716,394,437,1904,1872,577,1804,552,1837,417,431,213,1874,341,1764,1826,501,1768,1866,656,562,598,1813,1775,466,530,1779,483,587,1768,1849,569,1776,576,1734,1755,568,451,1790,602,1758,1782,1729,459,443,465,1785,1772,447,371,354,1722,447,665,1723
G55424,676,427,361,480,1732,459,1830,587,394,324,0,350,1740,422,646,1765,328,1759,1802,503,1795,560,537,399,629,428,582,1800,569,606,1779,657,1772,741,482,585,1800,343,537,1708,499,1791,430,574,1813,365,691,456,702,339,411,567,1772,463,512,714,729,1757,457,454,649,483,1906,1778,1910,586,454,1939,473,1833,548,485,367,551,488,580,430,554,1857,1802,494,566,1746,1754,339,1790,1787,557,728,406,461,1894,1870,587,1790,580,1825,427,459,379,1864,497,1756,1814,517,1754,1866,670,580,622,1797,1755,482,562,1767,499,603,1762,1835,587,1768,602,1718,1745,602,461,1776,614,1744,1774,1721,483,469,479,1783,1756,465,191,342,1726,465,517,1709
G55425,678,441,239,476,1754,473,1850,573,410,182,350,0,1764,418,638,1773,148,1787,1820,489,1815,550,509,257,617,426,572,1814,583,608,1797,643,1798,741,458,587,1812,343,391,1726,475,1799,440,570,1835,195,681,458,708,199,415,565,1790,461,486,714,715,1791,445,466,645,489,1920,1802,1928,580,278,1949,463,1861,528,467,373,543,464,574,426,548,1871,1826,492,562,1764,1774,345,1808,1809,563,730,396,431,1918,1878,589,1812,572,1847,431,449,187,1884,321,1772,1832,507,1788,1878,668,570,602,1813,1783,466,530,1783,489,591,1774,1859,579,1778,588,1746,1769,572,459,1794,616,1766,1782,1739,473,453,465,1795,1780,439,385,356,1748,439,677,1733
G55426,1796,1779,1773,1816,604,1773,590,1839,1818,1754,1740,1764,0,1764,1786,1061,1742,1067,786,1867,1101,1610,1849,1791,1939,1756,1906,1070,1735,1848,1225,1793,532,1661,1804,1873,1068,1765,1771,472,1809,1065,1766,1884,597,1775,1701,1854,1742,1765,1761,1883,1056,1809,1822,1650,1673,1183,1785,1794,1693,1855,1382,1090,1358,1796,1846,1359,1837,1245,1856,1805,1797,1889,1814,1904,1784,1806,1149,1092,1828,1792,1056,1070,1763,1102,1225,1829,1792,1826,1815,1344,624,1785,1090,1788,1241,1789,1795,1795,1294,1829,1058,1110,1831,1068,1312,1814,1830,1922,1083,1075,1828,1894,1067,1825,1787,1058,1155,1777,1066,1858,658,719,1914,1825,1082,1482,1054,1062,1157,1803,1811,1809,1205,1068,1805,1797,1778,1148,1793,1633,669
G55427,430,159,455,230,1756,221,1860,315,492,394,422,418,1764,0,382,1771,408,1781,1826,573,1813,568,247,479,369,184,318,1826,667,320,1801,407,1796,479,180,321,1826,409,607,1730,245,1811,204,332,1843,453,443,544,474,419,123,299,1798,185,240,494,493,1779,167,186,417,553,1928,1798,1928,312,534,1937,167,1863,510,191,445,321,182,306,132,322,1873,1832,572,550,1764,1770,411,1802,1805,293,476,476,173,1916,1892,363,1820,336,1855,157,425,441,1876,555,1762,1840,587,1770,1882,426,320,336,1809,1779,196,260,1781,207,345,1768,1867,321,1776,320,1738,1765,286,213,1790,446,1770,1776,1731,197,153,187,1787,1774,207,451,420,1746,191,753,1743
G55428,294,393,681,464,1782,427,1846,401,686,630,646,638,1786,382,0,1809,648,1829,1800,655,1795,462,423,673,515,420,500,1752,639,388,1839,377,1834,365,378,431,1762,641,575,1766,447,1729,422,486,1779,677,331,636,316,641,371,459,1850,409,436,396,383,1827,415,416,355,713,1932,1842,1982,274,702,2013,425,1847,692,431,685,533,440,488,382,414,1883,1792,662,574,1808,1816,615,1842,1861,381,364,712,423,1980,1844,381,1790,362,1833,411,653,659,1938,633,1810,1824,649,1832,1946,330,400,508,1847,1827,434,468,1821,467,343,1806,1887,289,1810,424,1742,1795,476,465,1828,630,1814,1816,1785,441,421,425,1841,1822,429,693,638,1806,411,655,1709
G55429,1811,1794,1792,1825,1035,1806,1155,1874,1833,1773,1765,1773,1061,1771,1809,0,1761,132,1125,1868,220,1649,1846,1828,1964,1773,1909,283,1776,1863,1234,1828,1093,1722,1787,1902,285,1768,1814,1033,1804,256,1783,1915,1118,1792,1752,1869,1791,1786,1768,1902,523,1828,1823,1705,1728,1222,1796,1801,1758,1884,1373,145,1383,1823,1865,1392,1826,1268,1873,1786,1806,1908,1815,1925,1779,1819,268,219,1853,1807,103,93,1770,139,1224,1832,1827,1823,1800,1337,1175,1814,353,1807,1258,1792,1786,1782,1299,1844,219,217,1860,119,1331,1823,1847,1937,134,118,1819,1893,100,1818,1818,139,214,1804,253,1877,1021,1046,1919,1818,121,1463,101,101,1172,1810,1802,1794,1202,121,1794,1798,1783,1157,1796,1706,1024
G55430,678,415,211,456,1726,451,1832,567,418,174,328,148,1742,408,648,1761,0,1769,1796,519,1795,546,535,253,627,404,592,1794,577,614,1779,653,1770,731,474,581,1792,333,375,1700,485,1781,436,584,1807,177,681,478,712,185,393,571,1772,465,506,710,719,1759,435,450,643,495,1886,1786,1902,580,276,1923,465,1827,556,485,393,553,478,580,420,554,1857,1806,490,566,1752,1760,367,1800,1791,561,730,406,459,1900,1856,585,1792,576,1821,437,465,181,1856,335,1756,1814,511,1756,1862,670,576,624,1809,1767,474,558,1773,497,589,1762,1837,579,1770,592,1714,1745,608,459,1782,602,1748,1774,1719,485,463,477,1771,1762,459,391,370,1722,467,667,1707
G55431,1817,1790,1798,1825,1049,1808,1153,1880,1841,1777,1759,1787,1067,1781,1829,132,1769,0,1135,1880,226,1653,1866,1826,1966,1769,1921,299,1784,1863,1228,1832,1103,1736,1805,1916,299,1766,1814,1049,1818,278,1791,1903,1130,1794,1764,1883,1793,1784,1772,1906,491,1826,1849,1715,1736,1214,1804,1801,1754,1892,1369,125,1375,1831,1869,1414,1846,1270,1887,1814,1816,1910,1833,1921,1797,1825,280,233,1855,1815,77,107,1790,127,1244,1832,1831,1845,1822,1355,1187,1810,359,1807,1254,1798,1800,1806,1325,1842,241,237,1864,95,1341,1825,1849,1963,156,78,1833,1909,112,1832,1826,149,212,1810,259,1875,1035,1058,1935,1836,151,1481,81,137,1160,1826,1824,1814,1226,97,1816,1818,1805,1151,1818,1704,1038
G55432,1790,1839,1833,1872,766,1837,846,1841,1866,1814,1802,1820,786,1826,1800,1125,1796,1135,0,1875,1089,1598,1893,1853,1973,1818,1948,1062,1741,1852,1271,1797,820,1661,1860,1895,1066,1817,1781,756,1877,1059,1826,1918,799,1835,1695,1870,1740,1827,1821,1917,1118,1859,1890,1654,1669,1255,1831,1852,1699,1901,1384,1144,1414,1810,1886,1435,1895,1271,1918,1875,1869,1929,1880,1938,1850,1836,1179,1094,1856,1808,1110,1132,1825,1168,1295,1847,1794,1884,1873,1414,864,1801,1080,1802,1255,1855,1859,1857,1366,1843,1124,1116,1843,1126,1374,1822,1842,1966,1171,1137,1888,1944,1137,1887,1803,1126,1181,1793,1130,1884,744,199,1960,1893,1146,1536,1112,1130,1207,1869,1873,1873,1281,1132,1865,1869,1840,1212,1853,1647,739
G55433,691,594,524,613,1853,596,1929,624,519,489,503,489,1867,573,655,1868,519,1880,1875,0,1872,585,608,546,704,585,685,1877,624,627,1906,688,1897,772,585,650,1887,296,604,1835,600,1864,585,647,1912,536,712,531,725,498,566,648,1893,608,621,755,762,1888,576,595,680,580,1983,1895,2025,603,567,2052,604,1932,635,602,510,698,605,665,581,653,1960,1875,621,621,1859,1869,470,1895,1906,642,763,539,576,2003,1971,662,1879,635,1914,574,588,494,1981,556,1865,1909,592,1881,1975,701,639,701,1902,1874,605,635,1876,624,648,1863,1940,646,1871,675,1859,1864,651,594,1877,763,1865,1879,1842,628,596,602,1904,1867,572,530,497,1861,554,732,1836
G55435,1779,1820,1814,1851,1075,1832,1147,1854,1865,1811,1795,1815,1101,1813,1795,220,1795,226,1089,1872,0,1613,1890,1852,1960,1807,1921,221,1744,1835,1262,1782,1123,1680,1845,1900,233,1794,1784,1067,1864,218,1817,1911,1100,1820,1700,1875,1745,1808,1806,1904,567,1852,1871,1669,1694,1246,1822,1827,1720,1902,1351,237,1423,1807,1873,1452,1880,1260,1921,1860,1858,1922,1869,1941,1829,1813,324,191,1847,1805,193,217,1828,251,1282,1820,1803,1875,1862,1407,1155,1782,333,1799,1250,1844,1850,1846,1373,1844,337,233,1854,209,1385,1801,1829,1973,270,226,1871,1935,234,1876,1802,259,266,1782,357,1875,1045,1084,1953,1870,237,1511,209,233,1200,1848,1856,1854,1274,229,1856,1854,1833,1191,1848,1668,1040
G55436,448,587,591,624,1584,591,1670,583,588,546,560,550,1610,568,462,1649,546,1653,1598,585,1613,0,601,581,675,570,680,1562,495,570,1675,557,1646,413,596,617,1574,549,407,1578,603,1547,570,652,1583,583,475,570,438,539,557,629,1648,597,614,442,517,1655,595,584,501,641,1772,1660,1818,492,600,1849,611,1667,646,597,585,671,634,656,576,536,1715,1616,550,500,1640,1652,531,1690,1695,527,462,610,589,1822,1644,503,1602,498,1663,601,601,571,1774,529,1650,1650,551,1650,1780,494,536,696,1689,1655,624,662,1659,607,505,1648,1713,467,1650,580,1538,1599,690,615,1668,636,1638,1656,1607,593,621,589,1677,1654,579,597,544,1622,567,435,1499
G55438,429,288,554,347,1841,344,1937,370,559,519,537,509,1849,247,423,1846,535,1866,1893,608,1890,601,0,594,468,303,399,1887,718,391,1890,486,1887,536,225,416,1889,522,668,1815,268,1872,323,435,1922,564,494,605,497,530,266,350,1895,306,297,551,548,1878,278,319,462,626,2017,1887,2021,369,593,2028,264,1938,537,228,534,420,263,385,259,371,1948,1899,617,585,1851,1851,484,1885,1896,324,511,547,258,2001,1961,448,1891,377,1924,248,494,518,1963,582,1853,1919,640,1871,1973,459,327,375,1884,1864,287,331,1858,306,390,1845,1942,358,1861,363,1825,1846,347,314,1869,537,1853,1853,1828,318,254,272,1876,1853,272,548,507,1841,272,790,1830
G55439,735,476,166,455,1783,430,1875,620,407,169,399,257,1791,479,673,1828,253,1826,1853,546,1852,581,594,0,604,475,629,1855,628,665,1822,700,1829,758,537,602,1855,390,434,1761,486,1842,485,599,1862,206,734,511,743,178,462,620,1819,454,547,757,784,1804,496,473,692,522,1943,1835,1957,629,351,1994,464,1884,525,486,376,558,473,609,481,595,1906,1851,553,599,1803,1815,404,1855,1850,542,765,415,508,1953,1911,614,1851,609,1874,494,464,226,1917,384,1805,1865,546,1823,1907,709,619,605,1866,1826,495,611,1830,500,640,1817,1902,618,1815,577,1777,1800,641,458,1837,669,1809,1831,1770,484,470,470,1830,1821,514,376,427,1797,504,702,1764
G55440,601,392,608,341,1935,370,2011,472,609,607,629,617,1939,369,515,1964,627,1966,1973,704,1960,675,468,604,0,397,485,1971,816,503,1988,566,1983,646,439,480,1987,622,712,1915,396,1952,407,463,2002,608,598,671,607,610,382,470,1989,344,429,647,662,1964,408,391,566,710,2077,1977,2123,477,695,2136,364,2012,635,364,580,464,383,473,375,451,2032,1965,715,681,1945,1955,612,1983,1998,404,627,645,386,2097,2033,468,1965,441,1996,406,596,588,2065,696,1947,1983,720,1969,2055,559,487,469,1992,1964,379,459,1960,398,500,1951,2030,460,1961,437,1921,1950,491,356,1967,659,1953,1961,1918,388,376,350,1978,1957,396,604,615,1943,340,866,1924
G55441,466,185,455,218,1746,261,1852,347,492,396,428,426,1756,184,420,1773,404,1769,1818,585,1807,570,303,475,397,0,356,1810,645,384,1793,421,1780,527,244,349,1814,385,619,1724,267,1803,178,348,1829,435,473,544,500,401,179,359,1782,225,282,506,521,1763,209,216,445,579,1918,1770,1918,346,538,1941,237,1853,516,267,451,303,268,352,196,332,1867,1818,562,554,1756,1774,421,1790,1811,349,520,488,233,1924,1874,345,1808,356,1847,201,441,453,1880,565,1772,1822,589,1764,1878,464,356,390,1811,1775,250,328,1781,269,385,1768,1851,375,1784,378,1736,1765,360,237,1792,452,1760,1778,1737,239,243,253,1791,1772,231,471,444,1742,235,747,1731
G55442,520,309,593,374,1898,341,1988,393,604,582,582,572,1906,318,500,1909,592,1921,1948,685,1921,680,399,629,485,356,0,1940,779,440,1947,487,1944,615,342,409,1938,589,731,1872,403,1919,358,446,1975,623,549,668,532,561,315,411,1932,341,426,628,597,1929,297,288,541,661,2048,1940,2080,436,662,2103,327,1985,648,333,591,481,338,422,290,440,2001,1946,704,648,1902,1908,559,1942,1955,407,592,634,281,2058,2004,475,1936,466,1979,293,589,585,2022,657,1904,1952,711,1916,2030,516,402,408,1955,1919,328,372,1927,331,443,1900,1977,445,1928,430,1882,1913,410,357,1922,620,1898,1928,1889,321,323,327,1947,1918,345,591,588,1894,333,867,1883
G55443,1738,1825,1827,1862,1044,1835,1128,1843,1862,1806,1800,1814,1070,1826,1752,283,1794,299,1062,1877,221,1562,1887,1855,1971,1810,1940,0,1697,1846,1255,1759,1098,1597,1844,1893,140,1807,1747,1042,1863,177,1818,1916,1009,1827,1673,1878,1682,1815,1805,1911,610,1857,1866,1596,1623,1239,1821,1836,1687,1905,1364,300,1414,1808,1884,1437,1883,1241,1920,1857,1859,1929,1872,1946,1836,1818,369,226,1846,1802,270,288,1825,322,1283,1829,1748,1872,1867,1400,1100,1791,322,1796,1233,1843,1849,1845,1366,1845,394,274,1847,290,1366,1762,1830,1968,323,285,1874,1938,291,1885,1797,320,329,1785,410,1880,988,1065,1960,1877,300,1510,270,286,1197,1855,1863,1855,1255,288,1853,1857,1830,1190,1843,1593,953
G55444,615,670,588,677,1719,680,1809,666,603,565,569,583,1735,667,639,1776,577,1784,1741,624,1744,495,718,628,816,645,779,1697,0,681,1816,612,1763,600,707,728,1707,564,592,1711,702,1692,639,765,1726,580,622,625,601,552,644,744,1775,690,729,613,634,1796,650,675,624,678,1911,1791,1953,645,657,1980,702,1832,747,706,454,742,709,793,681,697,1852,1761,655,645,1769,1783,548,1801,1834,676,665,629,684,1951,1793,648,1753,667,1814,666,678,582,1913,604,1773,1789,640,1769,1919,669,691,807,1818,1788,711,767,1788,722,686,1781,1832,654,1789,723,1671,1742,781,702,1795,755,1769,1793,1764,698,698,692,1824,1783,680,606,591,1747,678,532,1638
G55445,404,345,619,400,1838,387,1912,379,654,586,606,608,1848,320,388,1863,614,1863,1852,627,1835,570,391,665,503,384,440,1846,681,0,1881,415,1884,481,360,427,1854,599,631,1816,431,1825,372,456,1889,631,465,646,460,597,311,391,1876,373,434,502,527,1863,341,366,445,701,1968,1876,2018,294,652,2043,375,1907,660,387,643,495,382,472,360,418,1929,1844,686,614,1846,1854,575,1892,1901,383,496,664,357,2020,1936,431,1840,400,1893,347,607,619,1982,623,1860,1870,651,1858,1986,440,354,492,1903,1865,390,434,1873,367,385,1856,1917,379,1874,412,1826,1859,440,409,1878,578,1846,1874,1813,361,367,377,1891,1862,401,643,626,1830,375,747,1817
G55446,1857,1808,1808,1847,1207,1818,1297,1884,1853,1787,1779,1797,1225,1801,1839,1234,1779,1228,1271,1906,1262,1675,1890,1822,1988,1793,1947,1255,1816,1881,0,1864,1249,1754,1831,1912,1247,1796,1832,1187,1844,1238,1801,1931,1268,1806,1778,1903,1815,1792,1792,1928,1237,1846,1853,1739,1762,470,1824,1829,1774,1896,1393,1219,1377,1851,1877,1430,1864,612,1899,1846,1838,1916,1855,1935,1825,1861,1306,1263,1875,1833,1211,1219,1808,1261,1274,1868,1867,1867,1854,1389,1335,1832,1265,1835,596,1830,1824,1832,1351,1868,1235,1269,1884,1231,1351,1871,1879,1973,1262,1226,1861,1927,1230,1866,1848,1223,1306,1842,1237,1897,1189,1220,1961,1864,1251,1529,1211,1219,322,1838,1848,1844,504,1229,1840,1842,1821,963,1836,1740,1174
G55447,413,392,698,447,1783,428,1853,386,709,657,657,643,1793,407,377,1828,653,1832,1797,688,1782,557,486,700,566,421,487,1759,612,415,1864,0,1811,406,443,440,1775,622,682,1769,498,1752,419,523,1800,664,336,677,337,636,392,504,1823,430,479,425,356,1822,406,401,348,762,1927,1833,1993,325,727,2032,454,1874,749,456,700,532,465,485,393,475,1892,1807,735,663,1817,1827,668,1839,1880,434,435,711,426,1989,1877,466,1789,455,1866,404,692,680,1959,692,1815,1839,712,1817,1965,431,417,537,1866,1834,443,493,1842,456,388,1827,1892,444,1831,483,1759,1802,521,484,1839,659,1821,1845,1792,430,454,450,1874,1831,456,710,657,1815,442,676,1730
G55448,1838,1813,1799,1830,634,1813,552,1873,1850,1786,1772,1798,532,1796,1834,1093,1770,1103,820,1897,1123,1646,1887,1829,1983,1780,1944,1098,1763,1884,1249,1811,0,1701,1836,1899,1092,1773,1805,492,1847,1089,1782,1928,579,1783,1737,1900,1778,1777,1795,1925,1074,1847,1858,1686,1711,1205,1815,1830,1733,1901,1420,1088,1358,1836,1870,1385,1873,1295,1894,1847,1837,1911,1848,1936,1822,1850,1165,1122,1870,1824,1082,1094,1803,1114,1281,1865,1830,1848,1847,1356,658,1811,1118,1824,1283,1825,1825,1829,1308,1855,1100,1124,1873,1074,1324,1846,1866,1962,1109,1099,1864,1932,1099,1861,1827,1094,1173,1813,1094,1896,686,767,1958,1863,1112,1502,1080,1092,1189,1823,1845,1841,1253,1090,1839,1835,1816,1186,1831,1669,691
G55449,329,504,760,587,1649,512,1723,474,783,713,741,741,1661,479,365,1722,731,1736,1661,772,1680,413,536,758,646,527,615,1597,600,481,1754,406,1701,0,519,520,1607,734,612,1629,582,1602,523,617,1624,760,256,767,287,722,472,560,1729,510,581,259,316,1738,502,497,320,826,1859,1747,1897,403,793,1930,526,1752,803,512,758,640,545,601,507,505,1788,1685,751,679,1713,1725,726,1767,1776,454,291,803,526,1901,1703,478,1681,459,1746,518,772,762,1851,748,1719,1717,756,1729,1857,405,477,635,1766,1734,563,601,1736,536,440,1727,1784,402,1725,519,1577,1666,603,568,1739,647,1715,1729,1688,520,538,512,1762,1727,554,782,749,1693,528,502,1530
G55450,410,223,503,278,1794,277,1890,345,536,468,482,458,1804,180,378,1787,474,1805,1860,585,1845,596,225,537,439,244,342,1844,707,360,1831,443,1836,519,0,371,1846,459,635,1766,219,1829,268,396,1871,507,475,590,446,471,191,319,1836,251,224,544,511,1817,221,268,433,587,1970,1828,1962,338,548,1983,197,1899,504,169,475,381,208,352,184,342,1897,1854,592,552,1790,1792,427,1828,1845,317,462,496,201,1944,1924,403,1848,356,1881,181,433,465,1914,543,1782,1864,597,1812,1912,424,316,330,1823,1801,224,286,1803,225,363,1792,1891,337,1798,340,1778,1799,312,245,1806,504,1790,1792,1777,251,193,217,1821,1798,229,487,462,1792,205,773,1779
G55451,483,304,612,381,1869,320,1947,378,629,557,585,587,1873,321,431,1902,581,1916,1895,650,1900,617,416,602,480,349,409,1893,728,427,1912,440,1899,520,371,0,1897,560,678,1847,428,1866,351,441,1920,592,482,639,495,562,314,416,1903,346,419,563,540,1880,314,299,466,698,2017,1909,2057,387,649,2082,366,1942,671,360,628,470,375,401,325,431,1958,1895,699,651,1893,1903,582,1931,1942,390,541,647,336,2051,1967,422,1889,425,1934,318,618,614,2011,664,1895,1913,670,1891,2001,459,373,453,1948,1918,361,411,1916,380,400,1899,1962,406,1909,431,1857,1888,437,396,1919,621,1887,1911,1848,330,368,384,1922,1911,390,634,601,1873,368,816,1852
G55452,1752,1825,1827,1862,1044,1839,1128,1855,1868,1812,1800,1812,1068,1826,1762,285,1792,299,1066,1887,233,1574,1889,1855,1987,1814,1938,140,1707,1854,1247,1775,1092,1607,1846,1897,0,1811,1755,1038,1867,185,1820,1930,999,1829,1677,1888,1694,1819,1805,1915,602,1861,1870,1594,1617,1245,1829,1836,1689,1913,1370,326,1414,1818,1882,1437,1887,1249,1926,1859,1863,1931,1874,1952,1840,1824,381,254,1846,1808,276,274,1825,334,1287,1835,1764,1876,1869,1398,1104,1805,346,1804,1237,1847,1851,1849,1360,1849,400,300,1857,300,1366,1774,1836,1982,343,293,1876,1944,307,1885,1805,326,331,1793,414,1884,982,1061,1962,1879,312,1510,274,304,1197,1863,1863,1857,1255,302,1859,1863,1838,1182,1855,1597,947
G55453,681,412,368,435,1755,464,1849,570,413,325,343,343,1765,409,641,1768,333,1766,1817,296,1794,549,522,390,622,385,589,1807,564,599,1796,622,1773,734,459,560,1811,0,532,1729,480,1800,411,571,1834,328,682,469,711,312,382,572,1763,448,487,709,730,1760,434,445,642,512,1913,1769,1897,565,443,1936,458,1850,543,472,382,534,477,569,419,545,1860,1811,503,569,1751,1767,346,1777,1800,558,729,399,446,1899,1885,566,1807,577,1838,418,452,368,1869,490,1759,1827,520,1753,1861,663,571,623,1804,1766,471,547,1776,480,602,1771,1854,576,1781,593,1743,1762,593,446,1783,615,1757,1779,1730,458,460,478,1794,1767,456,392,369,1741,460,676,1738
G55454,603,624,448,669,1753,632,1833,650,589,399,537,391,1771,607,575,1814,375,1814,1781,604,1784,407,668,434,712,619,731,1747,592,631,1832,682,1805,612,635,678,1755,532,0,1743,640,1728,619,697,1766,408,652,569,585,410,600,670,1823,646,655,629,704,1814,632,625,618,640,1915,1831,1969,595,423,1998,656,1828,691,638,566,706,675,697,619,587,1872,1783,541,557,1791,1813,524,1849,1852,574,605,609,650,1969,1819,592,1771,569,1814,638,646,402,1931,340,1805,1817,560,1817,1917,569,589,745,1848,1814,663,699,1822,648,550,1813,1878,522,1807,627,1715,1770,741,652,1833,751,1797,1819,1762,646,656,638,1838,1815,632,584,549,1783,622,564,1692
G55455,1766,1739,1735,1778,576,1745,544,1807,1784,1716,1708,1726,472,1730,1766,1033,1700,1049,756,1835,1067,1578,1815,1761,1915,1724,1872,1042,1711,1816,1187,1769,492,1629,1766,1847,1038,1729,1743,0,1777,1035,1734,1858,547,1735,1671,1824,1714,1733,1727,1851,1040,1779,1792,1610,1641,1159,1743,1760,1667,1833,1354,1058,1324,1766,1806,1349,1797,1225,1828,1773,1769,1859,1784,1862,1750,1778,1123,1070,1802,1756,1024,1042,1731,1084,1209,1793,1762,1788,1771,1322,450,1757,1062,1752,1219,1755,1755,1759,1270,1791,1042,1082,1805,1042,1276,1778,1794,1894,1061,1047,1788,1860,1047,1789,1753,1038,1121,1745,1042,1822,624,699,1886,1789,1060,1436,1024,1042,1123,1771,1773,1767,1181,1042,1767,1771,1754,1118,1761,1609,631
G55457,489,270,462,245,1801,278,1903,382,483,475,499,475,1809,245,447,1804,485,1818,1877,600,1864,603,268,486,396,267,403,1863,702,431,1844,498,1847,582,219,428,1867,480,640,1777,0,1854,277,407,1884,468,518,591,503,484,254,372,1841,266,255,541,580,1826,274,299,488,598,1973,1841,1971,399,569,1998,224,1902,451,192,438,350,229,391,241,341,1914,1869,589,549,1807,1813,438,1841,1850,312,555,471,248,1959,1931,432,1855,371,1890,234,406,430,1923,572,1801,1883,606,1827,1929,479,351,329,1846,1822,209,335,1816,244,416,1799,1906,386,1813,351,1785,1802,367,210,1829,513,1811,1815,1780,246,216,210,1836,1817,236,440,473,1797,240,766,1786
G55458,1723,1812,1816,1849,1041,1816,1121,1824,1851,1801,1791,1799,1065,1811,1729,256,1781,278,1059,1864,218,1547,1872,1842,1952,1803,1919,177,1692,1825,1238,1752,1089,1602,1829,1866,185,1800,1728,1035,1854,0,1809,1907,1016,1820,1666,1865,1671,1806,1790,1894,579,1846,1861,1607,1628,1226,1812,1827,1682,1886,1359,291,1403,1781,1873,1430,1870,1234,1901,1846,1854,1916,1861,1921,1823,1803,300,207,1835,1781,253,271,1816,313,1268,1814,1737,1863,1852,1397,1101,1776,297,1781,1224,1828,1840,1840,1359,1836,349,253,1828,275,1359,1759,1813,1947,314,262,1859,1923,278,1866,1774,261,312,1762,355,1853,995,1066,1939,1864,285,1507,253,273,1180,1848,1848,1844,1246,275,1842,1850,1815,1185,1824,1612,970
G55459,466,205,459,234,1762,261,1866,355,496,414,430,440,1766,204,422,1783,436,1791,1826,585,1817,570,323,485,407,178,358,1818,639,372,1801,419,1782,523,268,351,1820,411,619,1734,277,1809,0,354,1841,443,465,568,502,399,185,365,1786,245,288,504,529,1771,225,238,441,597,1930,1792,1930,358,534,1963,253,1861,522,279,467,323,276,360,222,346,1869,1828,586,556,1772,1786,431,1804,1815,349,522,508,243,1930,1888,343,1814,356,1849,209,471,473,1894,561,1782,1828,575,1776,1894,464,368,394,1823,1791,268,342,1791,285,389,1782,1859,371,1796,388,1742,1773,366,261,1806,462,1772,1796,1741,263,261,273,1795,1786,247,479,452,1746,239,747,1735
G55460,546,339,599,386,1876,379,1958,435,626,546,574,570,1884,332,486,1915,584,1903,1918,647,1911,652,435,599,463,348,446,1916,765,456,1931,523,1928,617,396,441,1930,571,697,1858,407,1907,354,0,1951,597,555,636,564,567,333,447,1924,355,408,600,603,1909,355,348,533,681,2016,1926,2060,434,652,2085,381,1959,652,393,605,455,388,432,342,418,1987,1920,680,654,1888,1904,577,1934,1939,425,592,640,363,2040,1982,465,1904,430,1949,355,589,591,2014,659,1898,1938,685,1908,2010,524,446,502,1945,1905,398,446,1917,417,473,1906,1969,455,1910,468,1874,1895,452,367,1926,612,1894,1922,1869,397,373,375,1935,1900,365,621,582,1884,353,837,1865
G55461,1781,1844,1844,1885,677,1850,335,1876,1887,1827,1813,1835,597,1843,1779,1118,1807,1130,799,1912,1100,1583,1922,1862,2002,1829,1975,1009,1726,1889,1268,1800,579,1624,1871,1920,999,1834,1766,547,1884,1016,1841,1951,0,1848,1702,1911,1695,1834,1826,1944,1123,1880,1891,1597,1620,1250,1854,1867,1698,1922,1401,1143,1413,1839,1905,1446,1906,1264,1935,1878,1880,1958,1893,1969,1857,1855,1184,1087,1873,1819,1113,1127,1840,1167,1296,1868,1767,1897,1888,1417,621,1822,1087,1821,1258,1866,1868,1870,1373,1872,1121,1131,1872,1131,1373,1795,1867,1991,1140,1134,1897,1963,1136,1902,1810,1121,1184,1806,1121,1905,645,790,1989,1902,1143,1547,1111,1127,1214,1882,1886,1882,1278,1133,1884,1880,1857,1207,1868,1578,582
G55462,707,446,194,423,1763,430,1865,616,391,199,365,195,1775,453,677,1792,177,1794,1835,536,1820,583,564,206,608,435,623,1827,580,631,1806,664,1783,760,507,592,1829,328,408,1735,468,1820,443,597,1848,0,718,495,739,192,442,602,1775,442,517,747,754,1770,462,473,676,528,1929,1797,1929,615,291,1962,450,1874,527,462,360,508,455,609,453,581,1884,1837,531,603,1777,1789,376,1809,1824,544,775,373,486,1929,1897,602,1829,607,1856,456,434,136,1895,362,1779,1849,550,1775,1889,697,615,609,1838,1796,461,591,1804,478,642,1793,1878,624,1795,585,1751,1778,629,432,1815,633,1781,1807,1748,442,446,462,1808,1791,490,360,389,1757,498,706,1746
G55463,323,458,716,527,1689,484,1767,418,723,669,691,681,1701,443,331,1752,681,1764,1695,712,1700,475,494,734,598,473,549,1673,622,465,1778,336,1737,256,475,482,1677,682,652,1671,518,1666,465,555,1702,718,0,715,327,688,430,546,1749,470,519,275,292,1764,456,465,278,798,1881,1771,1923,357,747,1958,496,1774,775,484,724,574,497,547,447,467,1818,1725,709,645,1743,1753,692,1785,1806,428,357,751,476,1921,1771,436,1713,411,1770,468,722,714,1883,700,1751,1757,708,1751,1893,391,435,583,1794,1762,503,539,1762,520,404,1753,1810,370,1757,491,1649,1704,549,530,1769,649,1743,1765,1708,502,498,492,1790,1757,482,740,685,1719,478,556,1608
G55464,702,547,501,596,1850,585,1912,629,490,466,456,458,1854,544,636,1869,478,1883,1870,531,1875,570,605,511,671,544,668,1878,625,646,1903,677,1900,767,590,639,1888,469,569,1824,591,1865,568,636,1911,495,715,0,738,471,547,649,1888,583,588,752,767,1869,571,570,683,559,1976,1900,2016,594,548,2041,583,1929,640,591,475,659,592,660,530,624,1963,1878,572,630,1864,1868,431,1904,1899,609,768,516,561,2006,1952,621,1870,640,1907,559,577,475,1972,557,1858,1902,577,1882,1968,692,634,684,1903,1879,594,642,1883,611,645,1864,1953,631,1872,662,1840,1863,666,579,1884,742,1868,1882,1843,603,575,585,1885,1876,551,475,436,1852,553,717,1833
G55465,316,453,727,534,1724,483,1800,425,736,702,702,708,1742,474,316,1791,712,1793,1740,725,1745,438,497,743,607,500,532,1682,601,460,1815,337,1778,287,446,495,1694,711,585,1714,503,1671,502,564,1695,739,327,738,0,691,455,499,1804,501,526,334,309,1803,445,464,365,771,1908,1810,1960,372,744,1999,493,1811,752,475,715,601,514,524,454,450,1847,1742,690,590,1772,1790,675,1826,1845,415,274,766,457,1960,1778,431,1740,412,1803,457,713,715,1926,667,1784,1788,699,1800,1922,298,420,562,1831,1793,492,534,1805,501,333,1780,1849,341,1788,452,1668,1747,554,523,1804,684,1782,1798,1761,489,487,475,1835,1788,501,741,706,1762,479,523,1623
G55466,675,422,158,437,1751,452,1859,572,395,115,339,199,1765,419,641,1786,185,1784,1827,498,1808,539,530,178,610,401,561,1815,552,597,1792,636,1777,722,471,562,1819,312,410,1733,484,1806,399,567,1834,192,688,471,691,0,390,566,1767,454,491,711,724,1760,436,435,650,494,1919,1779,1923,577,291,1948,446,1858,533,470,368,534,473,569,425,543,1872,1823,495,567,1769,1775,338,1793,1816,542,727,401,436,1915,1879,564,1811,575,1848,420,460,218,1887,338,1769,1831,512,1763,1881,655,583,613,1822,1780,475,555,1786,486,604,1771,1852,576,1787,585,1743,1774,581,454,1797,619,1765,1791,1746,452,462,466,1796,1779,454,374,351,1741,456,668,1736
G55467,413,144,440,209,1747,188,1851,298,473,391,411,415,1761,123,371,1768,393,1772,1821,566,1806,557,266,462,382,179,315,1805,644,311,1792,392,1795,472,191,314,1805,382,600,1727,254,1790,185,333,1826,442,430,547,455,390,0,288,1793,168,265,489,482,1776,164,181,406,566,1917,1789,1923,285,517,1938,172,1842,509,188,442,310,191,293,137,301,1860,1815,549,547,1753,1765,418,1797,1806,280,467,473,168,1911,1875,358,1801,333,1836,138,424,438,1877,544,1757,1825,572,1775,1871,417,303,337,1810,1772,187,275,1774,192,334,1763,1848,310,1775,329,1735,1764,305,206,1779,453,1759,1777,1736,200,172,192,1782,1767,206,450,433,1733,194,736,1730
G55468,479,326,590,385,1881,360,1945,400,609,563,567,565,1883,299,459,1902,571,1906,1917,648,1904,629,350,620,470,359,411,1911,744,391,1928,504,1925,560,319,416,1915,572,670,1851,372,1894,365,447,1944,602,546,649,499,566,288,0,1931,324,403,609,594,1906,300,329,498,666,2029,1929,2061,395,625,2078,318,1956,637,316,580,464,339,407,315,391,1976,1911,659,609,1887,1893,542,1933,1924,360,535,633,314,2047,1989,450,1895,419,1938,302,584,580,2009,622,1897,1927,674,1913,2007,485,385,457,1940,1906,347,389,1914,364,420,1901,1962,388,1903,385,1863,1890,411,348,1915,601,1891,1913,1858,340,332,320,1926,1903,340,610,583,1871,330,810,1858
G55469,1832,1805,1789,1824,1044,1811,1156,1901,1852,1776,1772,1790,1056,1798,1850,523,1772,491,1118,1893,567,1648,1895,1819,1989,1782,1932,610,1775,1876,1237,1823,1074,1729,1836,1903,602,1763,1823,1040,1841,579,1786,1924,1123,1775,1749,1888,1804,1767,1793,1931,0,1841,1854,1716,1741,1197,1813,1806,1761,1907,1366,516,1378,1848,1876,1407,1867,1289,1898,1845,1831,1913,1844,1946,1824,1840,627,598,1858,1818,494,490,1799,528,1237,1849,1846,1842,1845,1354,1184,1813,582,1830,1277,1827,1813,1817,1316,1847,482,604,1865,476,1342,1842,1858,1976,557,505,1860,1940,505,1863,1839,502,601,1825,502,1900,1022,1053,1958,1849,526,1492,486,530,1167,1819,1843,1841,1247,510,1841,1819,1808,1168,1841,1707,1015
G55470,447,194,442,215,1799,196,1891,350,449,443,463,461,1809,185,409,1828,465,1826,1859,608,1852,597,306,454,344,225,341,1857,690,373,1846,430,1847,510,251,346,1861,448,646,1779,266,1846,245,355,1880,442,470,583,501,454,168,324,1841,0,311,541,528,1824,228,215,442,608,1957,1835,1967,355,585,1994,164,1898,523,186,444,314,169,341,199,357,1912,1865,611,591,1805,1819,460,1851,1856,272,499,485,216,1965,1925,402,1853,373,1890,204,436,442,1929,590,1815,1871,622,1827,1923,461,343,327,1864,1826,209,305,1828,210,386,1815,1898,352,1829,307,1787,1816,337,200,1835,515,1811,1829,1780,186,180,190,1840,1819,252,458,485,1789,246,772,1782
G55471,498,275,527,304,1816,325,1918,421,568,486,512,486,1822,240,436,1823,506,1849,1890,621,1871,614,297,547,429,282,426,1866,729,434,1853,479,1858,581,224,419,1870,487,655,1792,255,1861,288,408,1891,517,519,588,526,491,265,403,1854,311,0,566,571,1833,303,314,511,613,1994,1856,1998,398,570,2015,291,1893,532,257,517,383,286,402,248,364,1931,1888,598,572,1832,1828,455,1864,1875,363,516,542,281,1980,1922,431,1880,322,1907,273,479,503,1940,593,1818,1898,613,1838,1948,452,376,390,1871,1847,296,346,1839,311,411,1824,1929,381,1834,416,1800,1829,392,297,1848,530,1828,1830,1801,305,275,291,1847,1842,261,519,476,1816,231,793,1803
G55472,408,503,739,558,1634,541,1710,483,772,688,714,714,1650,494,396,1705,710,1715,1654,755,1669,442,551,757,647,506,628,1596,613,502,1739,425,1686,259,544,563,1594,709,629,1610,541,1607,504,600,1597,747,275,752,334,711,489,609,1716,541,566,0,269,1725,517,528,305,831,1836,1732,1872,450,760,1911,551,1745,794,559,757,611,568,624,514,496,1781,1688,730,672,1692,1708,707,1744,1753,495,400,772,537,1874,1696,473,1674,470,1739,523,737,749,1830,727,1702,1722,745,1708,1840,438,498,642,1747,1713,566,610,1719,545,473,1704,1767,445,1710,548,1562,1653,626,559,1726,632,1692,1718,1675,537,551,535,1741,1710,529,765,728,1668,523,493,1513
G55473,371,478,756,577,1661,520,1743,458,779,705,729,715,1673,493,383,1728,719,1736,1669,762,1694,517,548,784,662,521,597,1623,634,527,1762,356,1711,316,511,540,1617,730,704,1641,580,1628,529,603,1620,754,292,767,309,724,482,594,1741,528,571,269,0,1750,490,507,284,828,1875,1751,1903,405,795,1938,542,1762,821,528,772,630,559,577,485,509,1804,1707,749,701,1713,1735,732,1767,1788,490,387,793,506,1897,1715,494,1703,479,1758,508,754,748,1863,736,1733,1741,758,1739,1869,405,499,629,1770,1738,543,583,1744,554,434,1727,1786,454,1737,523,1597,1674,603,580,1743,685,1721,1739,1700,538,546,526,1766,1735,544,786,721,1703,530,556,1534
G55474,1841,1790,1788,1815,1185,1796,1275,1874,1837,1775,1757,1791,1183,1779,1827,1222,1759,1214,1255,1888,1246,1655,1878,1804,1964,1763,1929,1239,1796,1863,470,1822,1205,1738,1817,1880,1245,1760,1814,1159,1826,1226,1771,1909,1250,1770,1764,1869,1803,1760,1776,1906,1197,1824,1833,1725,1750,0,1808,1803,1754,1882,1361,1195,1349,1827,1859,1390,1844,440,1877,1826,1818,1886,1835,1919,1805,1837,1300,1247,1855,1813,1203,1199,1790,1233,1228,1848,1847,1833,1836,1355,1313,1794,1249,1809,418,1804,1814,1810,1289,1850,1193,1253,1856,1193,1313,1849,1859,1947,1248,1212,1847,1911,1212,1842,1820,1207,1302,1816,1213,1881,1161,1194,1941,1838,1233,1515,1191,1211,394,1796,1830,1826,320,1209,1818,1818,1787,933,1810,1706,1156
G55475,429,150,442,235,1771,200,1873,272,507,421,457,445,1785,167,415,1796,435,1804,1831,576,1822,595,278,496,408,209,297,1821,650,341,1824,406,1815,502,221,314,1829,434,632,1743,274,1812,225,355,1854,462,456,571,445,436,164,300,1813,228,303,517,490,1808,0,177,448,582,1939,1817,1955,335,559,1968,196,1880,533,228,470,356,225,299,161,339,1888,1837,591,563,1781,1795,434,1839,1838,322,509,495,156,1947,1899,386,1827,363,1864,140,448,446,1911,556,1795,1839,602,1797,1911,431,293,327,1844,1802,195,271,1806,210,348,1799,1868,356,1807,335,1757,1790,319,230,1815,473,1781,1807,1768,174,206,214,1818,1797,226,480,471,1769,208,754,1752
G55476,456,143,469,242,1786,199,1882,313,516,416,454,466,1794,186,416,1801,450,1801,1852,595,1827,584,319,473,391,216,288,1836,675,366,1829,401,1830,497,268,299,1836,445,625,1760,299,1827,238,348,1867,473,465,570,464,435,181,329,1806,215,314,528,507,1803,177,0,439,601,1930,1828,1958,342,556,1985,227,1887,562,249,475,363,230,310,182,350,1899,1850,596,568,1778,1796,449,1832,1845,309,502,522,187,1938,1912,389,1840,364,1873,185,467,473,1906,583,1788,1860,623,1798,1910,420,324,350,1847,1803,238,298,1817,231,357,1796,1875,357,1808,350,1778,1801,344,249,1816,494,1784,1820,1759,205,233,239,1829,1798,273,485,488,1766,255,763,1769
